,C,M1,M2,Theta,f,f12,f13,f23,h,h11,h12,h13,h21,h22,h23,h31,h32,h33
0,-0.0023575359067615946,178.06635019625872,183.4113758325758,6.092449260436095,"[[ 0.         -0.0629083   0.07068283]
 [ 0.0629083   0.         -0.01432648]
 [-0.07068283  0.01432648  0.        ]]",-0.06290830399947604,0.07068283197550905,-0.014326476614068943,"[[ 2.06326188e-05 -1.58141541e+00  0.00000000e+00]
 [ 7.97885169e-05 -3.77620314e-02  0.00000000e+00]
 [ 6.58334135e-06 -1.99979595e-03  0.00000000e+00]]",2.063261876865938e-05,-1.58141541146601,0.0,7.978851685444549e-05,-0.03776203143338447,0.0,6.583341351095376e-06,-0.001999795946709214,0.0
1,-0.006150984659354341,136.7852626749171,195.73356577922476,2.4762226957422557,"[[ 0.          0.00151622 -0.00170361]
 [-0.00151622  0.          0.0003453 ]
 [ 0.00170361 -0.0003453   0.        ]]",0.00151622348244601,-0.001703606087487991,0.0003452984563555529,"[[-3.49257086e-01  5.52821767e-02  0.00000000e+00]
 [-8.43778412e-03  1.35522976e-03  0.00000000e+00]
 [-4.50076060e-04  7.14367060e-05  0.00000000e+00]]",-0.3492570858250568,0.05528217666751006,0.0,-0.00843778411703271,0.0013552297608633867,0.0,-0.00045007606042858937,7.14367060230537e-05,0.0
2,0.0061475560061294765,107.24490871493514,136.22465063518908,0.6642365836036792,"[[ 0.          0.06786866 -0.07625622]
 [-0.06786866  0.          0.01545613]
 [ 0.07625622 -0.01545613  0.        ]]",0.06786866321935736,-0.0762562176016731,0.01545612827915918,"[[-1.43587898e-05  6.10662980e-03  0.00000000e+00]
 [ 3.14264288e-06  1.44502564e-04  0.00000000e+00]
 [ 2.70282144e-07  7.67174010e-06  0.00000000e+00]]",-1.435878975083291e-05,0.006106629797062087,0.0,3.1426428837917763e-06,0.00014450256380701886,0.0,2.702821440701844e-07,7.671740104040558e-06,0.0
3,-0.0048920105053889525,103.84366181730812,183.2626525372392,5.15378540251209,"[[ 0.          0.06057055 -0.06805616]
 [-0.06057055  0.          0.01379409]
 [ 0.06805616 -0.01379409  0.        ]]",0.060570548232536436,-0.06805616446789756,0.013794085797671411,"[[-3.73699442e-02 -6.53794767e-01  0.00000000e+00]
 [-8.93762080e-04 -1.55996787e-02  0.00000000e+00]
 [-4.74246777e-05 -8.26682202e-04  0.00000000e+00]]",-0.03736994421987464,-0.6537947670278409,0.0,-0.0008937620802942923,-0.015599678714096633,0.0,-4.7424677728214205e-05,-0.0008266822019887596,0.0
4,-0.004857296161766048,168.71320174649367,186.30259253027424,5.149491322947835,"[[ 0.          0.00080226 -0.00090141]
 [-0.00080226  0.          0.0001827 ]
 [ 0.00090141 -0.0001827   0.        ]]",0.0008022589956992945,-0.0009014062403323758,0.00018270314107352357,"[[ 2.93577310e-03 -1.31747053e-02  0.00000000e+00]
 [-8.29965609e-04 -1.93533088e-06  0.00000000e+00]
 [-7.07170971e-05 -3.17190334e-06  0.00000000e+00]]",0.0029357731008401657,-0.013174705343872092,0.0,-0.0008299656094793282,-1.9353308848245694e-06,0.0,-7.071709711241978e-05,-3.1719033382913506e-06,0.0
5,0.0057830659801599476,186.2176142520886,186.79885236320064,0.5755652785295773,"[[ 0.         -0.15671597  0.17608373]
 [ 0.15671597  0.         -0.03568985]
 [-0.17608373  0.03568985  0.        ]]",-0.15671597081781655,0.17608372709089035,-0.03568984614481515,"[[5.67899608e-02 5.30646130e-01 0.00000000e+00]
 [1.23193143e-03 1.27046105e-02 0.00000000e+00]
 [6.15856967e-05 6.72451040e-04 0.00000000e+00]]",0.05678996081487048,0.530646129803137,0.0,0.0012319314317585594,0.012704610459081164,0.0,6.158569672398905e-05,0.0006724510404330909,0.0
6,-0.00630261106013454,118.07532499908267,147.50839493074648,5.449128689925642,"[[ 0.         -0.01610414  0.01809438]
 [ 0.01610414  0.         -0.00366749]
 [-0.01809438  0.00366749  0.        ]]",-0.016104144930377155,0.018094377019488156,-0.0036674912700960247,"[[ 1.64850729e-01 -1.04321002e-03  0.00000000e+00]
 [ 3.94895204e-03 -3.02372852e-05  0.00000000e+00]
 [ 2.09737525e-04 -1.54992222e-06  0.00000000e+00]]",0.16485072892323469,-0.0010432100158735925,0.0,0.0039489520403592215,-3.0237285216365644e-05,0.0,0.00020973752521054223,-1.5499222229575243e-06,0.0
7,-0.0013687367445473241,109.51752174510831,116.2026819708509,4.821319768378928,"[[ 0.00000000e+00 -3.43008520e-05  3.85399257e-05]
 [ 3.43008520e-05  0.00000000e+00 -7.81153398e-06]
 [-3.85399257e-05  7.81153398e-06  0.00000000e+00]]",-3.430085203284264e-05,3.8539925680946797e-05,-7.811533982783135e-06,"[[-2.19160281e-04  2.96086214e+00  0.00000000e+00]
 [ 1.25028786e-01  2.72462989e-02  0.00000000e+00]
 [ 1.03496556e-02  1.87139198e-03  0.00000000e+00]]",-0.00021916028097598053,2.9608621446314465,0.0,0.12502878629228992,0.027246298890548935,0.0,0.010349655627233043,0.001871391982112831,0.0
8,-0.0027018477702429474,92.37264883029512,96.4855384516387,6.062787757231203,"[[ 0.         -0.00600661  0.00674894]
 [ 0.00600661  0.         -0.00136792]
 [-0.00674894  0.00136792  0.        ]]",-0.006006613771699799,0.006748941633689119,-0.0013679213435911157,"[[ 1.07851866e-06 -2.85774852e+00  0.00000000e+00]
 [ 4.92011862e-04 -6.83609114e-02  0.00000000e+00]
 [ 4.07528115e-05 -3.62506135e-03  0.00000000e+00]]",1.0785186555391428e-06,-2.85774852043196,0.0,0.0004920118617352563,-0.06836091143481918,0.0,4.0752811517333e-05,-0.003625061349077389,0.0
9,-0.006321135025261123,172.50646669067007,181.18245956606177,2.326136953318155,"[[ 0.          0.72690034 -0.81673438]
 [-0.72690034  0.          0.16554127]
 [ 0.81673438 -0.16554127  0.        ]]",0.7269003399730914,-0.8167343788776497,0.16554127292113924,"[[-1.29650415e-04  5.74076383e-03  0.00000000e+00]
 [-4.63625537e-06  1.37517176e-04  0.00000000e+00]
 [-2.91428454e-07  7.27856612e-06  0.00000000e+00]]",-0.00012965041475529031,0.005740763826717642,0.0,-4.6362553746831415e-06,0.00013751717621797313,0.0,-2.914284535285341e-07,7.278566116063501e-06,0.0
10,-0.002953709458004996,103.82203047652828,162.6226416734707,4.9550148781470185,"[[ 0.00000000e+00 -2.83355271e-04  3.18373756e-04]
 [ 2.83355271e-04  0.00000000e+00 -6.45301560e-05]
 [-3.18373756e-04  6.45301560e-05  0.00000000e+00]]",-0.00028335527130222456,0.0003183737560465266,-6.453015595235713e-05,"[[ 1.88691692e-05 -1.95184246e-01  0.00000000e+00]
 [ 9.26517992e-04 -4.97882706e-03  0.00000000e+00]
 [ 7.66535337e-05 -2.60715780e-04  0.00000000e+00]]",1.8869169201738234e-05,-0.19518424632496792,0.0,0.0009265179918449002,-0.004978827064277491,0.0,7.665353369837042e-05,-0.0002607157800788284,0.0
11,-0.002270797705367126,95.53559124113376,176.33676313195917,6.099806805942836,"[[ 0.         -0.0016256   0.0018265 ]
 [ 0.0016256   0.         -0.00037021]
 [-0.0018265   0.00037021  0.        ]]",-0.0016256020905063436,0.0018265022599123504,-0.0003702078875566998,"[[ 3.00573870e-05 -7.23538796e-02  0.00000000e+00]
 [ 1.54451413e-04 -1.77982662e-03  0.00000000e+00]
 [ 1.27595419e-05 -9.38086880e-05  0.00000000e+00]]",3.005738696768962e-05,-0.07235387962371025,0.0,0.00015445141332639167,-0.0017798266232715557,0.0,1.2759541941494335e-05,-9.380868804956239e-05,0.0
12,-0.0038746843729077856,105.29774178864221,115.94128629838588,1.9000048928176114,"[[ 0.          0.00073476 -0.00082556]
 [-0.00073476  0.          0.00016733]
 [ 0.00082556 -0.00016733  0.        ]]",0.0007347564217238467,-0.0008255613551442349,0.00016733038444259032,"[[-1.68707038e-05  7.16392086e-02  0.00000000e+00]
 [-1.26916987e-03  2.14984750e-03  0.00000000e+00]
 [-1.05053073e-04  1.09657976e-04  0.00000000e+00]]",-1.6870703823779964e-05,0.07163920860036975,0.0,-0.0012691698692642854,0.0021498475020437667,0.0,-0.00010505307288569527,0.00010965797581626504,0.0
13,-0.0048603654937198655,97.00804767595812,139.85036913974682,2.704112425100448,"[[ 0.          0.00092718 -0.00104176]
 [-0.00092718  0.          0.00021115]
 [ 0.00104176 -0.00021115  0.        ]]",0.0009271781241122984,-0.0010417635096082564,0.00021115170601772686,"[[-1.47220923e-02 -4.03797978e-03  0.00000000e+00]
 [-5.62297913e-04 -2.31027816e-05  0.00000000e+00]
 [-3.60889820e-05 -1.94506678e-06  0.00000000e+00]]",-0.014722092340373036,-0.004037979777494826,0.0,-0.0005622979128886809,-2.3102781589052803e-05,0.0,-3.608898196631725e-05,-1.945066776549519e-06,0.0
14,0.0007691472698879976,82.20044241955918,90.00345778449957,0.06087975030327947,"[[ 0.          0.00704614 -0.00791694]
 [-0.00704614  0.          0.00160466]
 [ 0.00791694 -0.00160466  0.        ]]",0.007046140586464287,-0.007916938456217453,0.0016046588751186714,"[[-1.15502459e-06 -2.68389873e+00  0.00000000e+00]
 [ 7.07668616e-04 -6.42876680e-02  0.00000000e+00]
 [ 5.86422877e-05 -3.40967721e-03  0.00000000e+00]]",-1.155024585815408e-06,-2.6838987317830734,0.0,0.0007076686158886692,-0.06428766804553944,0.0,5.864228770629773e-05,-0.0034096772136741663,0.0
15,-0.0008169817566285782,158.3475634372424,184.18718206741656,6.218498716430344,"[[ 0.00000000e+00  2.04294858e-05 -2.29542655e-05]
 [-2.04294858e-05  0.00000000e+00  4.65252648e-06]
 [ 2.29542655e-05 -4.65252648e-06  0.00000000e+00]]",2.0429485781656536e-05,-2.2954265479210935e-05,4.652526481890119e-06,"[[ 6.42231146e-03 -2.00551370e+00  0.00000000e+00]
 [-1.37707839e-01  2.67635634e-06  0.00000000e+00]
 [-1.13930448e-02 -4.70043255e-04  0.00000000e+00]]",0.006422311460445738,-2.0055137027637615,0.0,-0.1377078388769592,2.676356343550254e-06,0.0,-0.011393044833464068,-0.00047004325545705564,0.0
16,0.0021734359588699214,83.89878721449996,90.6694295877863,3.3167616290187887,"[[ 0.         -0.0176886   0.01987465]
 [ 0.0176886   0.         -0.00402833]
 [-0.01987465  0.00402833  0.        ]]",-0.017688600508766895,0.019874647672165627,-0.0040283286213942055,"[[-1.03069343e-01 -3.15019435e-03  0.00000000e+00]
 [-2.57596768e-03 -3.47013500e-05  0.00000000e+00]
 [-1.40183798e-04 -2.24001488e-06  0.00000000e+00]]",-0.10306934262596107,-0.0031501943517048903,0.0,-0.002575967677998223,-3.470135001582165e-05,0.0,-0.0001401837984374262,-2.2400148784509096e-06,0.0
17,0.002707689588700046,120.83122410937013,191.7670065586446,0.22090767392010344,"[[ 0.         -0.00094076  0.00105702]
 [ 0.00094076  0.         -0.00021424]
 [-0.00105702  0.00021424  0.        ]]",-0.0009407583019196245,0.0010570219948181064,-0.00021424439946839076,"[[ 5.48276014e-01 -6.44123781e-02  0.00000000e+00]
 [ 1.27869394e-02 -1.43433959e-03  0.00000000e+00]
 [ 6.68677124e-04 -7.70015847e-05  0.00000000e+00]]",0.5482760143146157,-0.06441237808744113,0.0,0.012786939383081489,-0.0014343395900609688,0.0,0.0006686771235734531,-7.700158474251517e-05,0.0
18,0.005830104525765589,132.11119457420466,151.07416051778665,0.5848752222674809,"[[ 0.00000000e+00  8.50118627e-05 -9.55180608e-05]
 [-8.50118627e-05  0.00000000e+00  1.93602495e-05]
 [ 9.55180608e-05 -1.93602495e-05  0.00000000e+00]]",8.501186266891119e-05,-9.551806077941232e-05,1.9360249522141635e-05,"[[-2.03352669e+00  1.07953666e-01  0.00000000e+00]
 [-4.32904428e-02  7.59648721e-04  0.00000000e+00]
 [-2.13825543e-03  5.81027801e-05  0.00000000e+00]]",-2.0335266913874657,0.10795366598919662,0.0,-0.04329044284530075,0.0007596487206654223,0.0,-0.002138255433401616,5.810278010675334e-05,0.0
19,-0.005661071472994281,160.42777282048706,196.51922934006234,5.730132097958737,"[[ 0.00000000e+00 -9.90502266e-06  1.11291357e-05]
 [ 9.90502266e-06  0.00000000e+00 -2.25572884e-06]
 [-1.11291357e-05  2.25572884e-06  0.00000000e+00]]",-9.905022664184422e-06,1.1129135713021094e-05,-2.2557288392553533e-06,"[[-1.09950052e+00  8.07635706e-01  0.00000000e+00]
 [ 4.33328861e-03  8.65963888e-03  0.00000000e+00]
 [ 1.13830214e-03  5.62922160e-04  0.00000000e+00]]",-1.0995005183391047,0.8076357061368471,0.0,0.004333288613671249,0.008659638875046494,0.0,0.0011383021430018455,0.0005629221598872586,0.0
20,0.004225374870874371,104.16186207389418,170.20523314531914,1.20554477215282,"[[ 0.          0.0090091  -0.01012249]
 [-0.0090091   0.          0.00205169]
 [ 0.01012249 -0.00205169  0.        ]]",0.00900909565593535,-0.01012248549102628,0.0020516941329358183,"[[ 2.58106093e-05 -1.88460954e-01  0.00000000e+00]
 [ 1.92226118e-05 -4.50338537e-03  0.00000000e+00]
 [ 1.57221586e-06 -2.38601543e-04  0.00000000e+00]]",2.5810609298703886e-05,-0.18846095446923788,0.0,1.922261184812142e-05,-0.004503385373462734,0.0,1.5722158564433443e-06,-0.0002386015427388702,0.0
21,0.0002241268907418239,187.1059822589878,198.2060140860147,0.01770004659770949,"[[ 0.          1.17203976 -1.31688639]
 [-1.17203976  0.          0.26691548]
 [ 1.31688639 -0.26691548  0.        ]]",1.1720397594629652,-1.316886390506201,0.2669154807423359,"[[-1.96950470e-05 -3.79521011e-02  0.00000000e+00]
 [ 2.25047679e-05 -9.13558425e-04  0.00000000e+00]
 [ 1.87480783e-06 -4.83042396e-05  0.00000000e+00]]",-1.9695047027014228e-05,-0.03795210112847831,0.0,2.2504767938668598e-05,-0.0009135584252890103,0.0,1.8748078253864064e-06,-4.8304239625828624e-05,0.0
22,0.0059907129865660195,89.2449637021576,101.55422556478327,0.6203567118786258,"[[ 0.          0.0670388  -0.0753238 ]
 [-0.0670388   0.          0.01526714]
 [ 0.0753238  -0.01526714  0.        ]]",0.06703880329199317,-0.075323799366243,0.01526713941621932,"[[-2.87083566e-02  2.20912915e+00  0.00000000e+00]
 [-6.78321042e-04  5.27107652e-02  0.00000000e+00]
 [-3.57861788e-05  2.79639398e-03  0.00000000e+00]]",-0.02870835659776939,2.209129148975383,0.0,-0.0006783210416916107,0.05271076521615572,0.0,-3.5786178830589896e-05,0.0027963939770506018,0.0
23,0.0012852421408123121,149.5741512453834,194.6989989488709,0.10218857066322405,"[[ 0.00000000e+00  3.94113242e-04 -4.42819760e-04]
 [-3.94113242e-04  0.00000000e+00  8.97537175e-05]
 [ 4.42819760e-04 -8.97537175e-05  0.00000000e+00]]",0.00039411324185009797,-0.0004428197595860422,8.975371745369821e-05,"[[-1.23326019e-02  3.85521019e-02  0.00000000e+00]
 [ 2.31004950e-03  1.58442380e-05  0.00000000e+00]
 [ 1.99792130e-04  9.72154369e-06  0.00000000e+00]]",-0.012332601871673642,0.03855210185857597,0.0,0.0023100494953075287,1.5844238017134027e-05,0.0,0.00019979212993260836,9.72154369351683e-06,0.0
24,-0.0063321096724019464,158.93679726477833,194.34181400566078,2.362249283388303,"[[ 0.         -0.01632269  0.01833994]
 [ 0.01632269  0.         -0.00371726]
 [-0.01833994  0.00371726  0.        ]]",-0.01632269380783798,0.018339935278126447,-0.0037172626863147735,"[[-1.72000993e-02 -8.06854357e-03  0.00000000e+00]
 [-3.93682633e-04 -1.98333970e-04  0.00000000e+00]
 [-2.03548593e-05 -1.04481562e-05  0.00000000e+00]]",-0.0172000993486204,-0.008068543567055319,0.0,-0.00039368263338137823,-0.00019833397018405094,0.0,-2.0354859333504266e-05,-1.0448156231219109e-05,0.0
25,-0.004838556929619135,81.09356323813833,105.0997762713857,2.0055989146542275,"[[ 0.00000000e+00 -3.25293286e-04  3.65494684e-04]
 [ 3.25293286e-04  0.00000000e+00 -7.40809458e-05]
 [-3.65494684e-04  7.40809458e-05  0.00000000e+00]]",-0.0003252932863908044,0.00036549468421392945,-7.408094581965373e-05,"[[-6.07171401e-04  5.76955673e-02  0.00000000e+00]
 [ 8.37727105e-04  1.08086748e-03  0.00000000e+00]
 [ 6.98288197e-05  6.02611849e-05  0.00000000e+00]]",-0.0006071714005445039,0.05769556729359566,0.0,0.0008377271051314173,0.0010808674843161322,0.0,6.982881974531215e-05,6.026118486557323e-05,0.0
26,-0.0060160346922051335,136.73137031741476,188.88980518441025,2.1974368865644,"[[ 0.00000000e+00 -1.80711073e-05  2.03044266e-05]
 [ 1.80711073e-05  0.00000000e+00 -4.11543913e-06]
 [-2.03044266e-05  4.11543913e-06  0.00000000e+00]]",-1.807110727351803e-05,2.0304426567216202e-05,-4.115439127822355e-06,"[[ 8.73076093e-03  1.42259347e-01  0.00000000e+00]
 [ 1.01087954e-02 -4.23348294e-05  0.00000000e+00]
 [ 8.29897544e-04  3.15272220e-05  0.00000000e+00]]",0.008730760933486003,0.1422593465544095,0.0,0.010108795416475629,-4.233482939287557e-05,0.0,0.0008298975435885097,3.15272219689832e-05,0.0
27,0.003753725890505895,82.14524462807069,149.67432855742197,1.2535527035170153,"[[ 0.00000000e+00  7.83354880e-05 -8.80165858e-05]
 [-7.83354880e-05  0.00000000e+00  1.78397996e-05]
 [ 8.80165858e-05 -1.78397996e-05  0.00000000e+00]]",7.833548800007641e-05,-8.801658579247382e-05,1.783979960569467e-05,"[[5.22698340e-01 3.41620362e-02 0.00000000e+00]
 [1.44438266e-02 1.30769392e-04 0.00000000e+00]
 [8.24571711e-04 1.36652612e-05 0.00000000e+00]]",0.5226983400278161,0.034162036241312664,0.0,0.014443826599682307,0.0001307693922445529,0.0,0.000824571710789126,1.3665261244141361e-05,0.0
28,0.0007424237871578206,90.05440169437588,123.52073559454266,4.653634423435728,"[[ 0.         -0.28342959  0.31845726]
 [ 0.28342959  0.         -0.06454708]
 [-0.31845726  0.06454708  0.        ]]",-0.2834295917533691,0.31845726139680025,-0.06454708138409788,"[[-5.64646960e-05  2.26045293e-02  0.00000000e+00]
 [-6.57820777e-06  5.41192005e-04  0.00000000e+00]
 [-5.04553541e-07  2.86824133e-05  0.00000000e+00]]",-5.6464696036862194e-05,0.022604529316967877,0.0,-6.578207774595592e-06,0.0005411920053108891,0.0,-5.045535406769533e-07,2.8682413331246407e-05,0.0
29,9.07364661459255e-05,86.00104555766139,186.7973782104124,4.705224471011862,"[[ 0.         -0.76018501  0.85413253]
 [ 0.76018501  0.         -0.17312139]
 [-0.85413253  0.17312139  0.        ]]",-0.7601850069574944,0.8541325341965232,-0.1731213851295862,"[[4.26719300e-04 7.65561371e-01 0.00000000e+00]
 [3.68116786e-06 1.82695820e-02 0.00000000e+00]
 [1.71282055e-09 9.68392466e-04 0.00000000e+00]]",0.0004267192998192963,0.7655613714606484,0.0,3.6811678618950324e-06,0.018269581978304257,0.0,1.7128205474768256e-09,0.0009683924657929828,0.0
30,-0.0036965800040996617,129.83212535842972,142.06172476307418,5.9715213126930875,"[[ 0.          0.00131059 -0.00147256]
 [-0.00131059  0.          0.00029847]
 [ 0.00147256 -0.00029847  0.        ]]",0.0013105896780908593,-0.0014725590123380891,0.00029846826539728724,"[[1.34305755e+00 1.84263954e+00 0.00000000e+00]
 [3.12495712e-02 4.42446302e-02 0.00000000e+00]
 [1.63226535e-03 2.34190372e-03 0.00000000e+00]]",1.3430575549608723,1.8426395368886292,0.0,0.031249571157174506,0.04424463018426751,0.0,0.0016322653524430502,0.0023419037192886605,0.0
31,-0.0015682455866867341,115.06382574451217,171.84881321474228,1.6959219652234954,"[[ 0.00000000e+00 -1.51167308e-05  1.69849332e-05]
 [ 1.51167308e-05  0.00000000e+00 -3.44262166e-06]
 [-1.69849332e-05  3.44262166e-06  0.00000000e+00]]",-1.5116730773694864e-05,1.6984933202220494e-05,-3.4426216594921962e-06,"[[-1.26353017e-01  5.42514142e-01  0.00000000e+00]
 [ 3.35609345e-02  2.48240231e-04  0.00000000e+00]
 [ 2.86621721e-03  1.37945725e-04  0.00000000e+00]]",-0.1263530170221199,0.5425141420284708,0.0,0.03356093447566335,0.0002482402314287034,0.0,0.002866217207671457,0.00013794572527292738,0.0
32,0.0041106840133184564,129.5387249037476,186.39498836703984,4.359166796433284,"[[ 0.         -0.00054727  0.00061491]
 [ 0.00054727  0.         -0.00012463]
 [-0.00061491  0.00012463  0.        ]]",-0.0005472711301182177,0.0006149056781997353,-0.00012463326061467228,"[[ 1.07074672e-02 -2.90866336e+00  0.00000000e+00]
 [-1.69384801e-04 -6.92568867e-02  0.00000000e+00]
 [-2.16079471e-05 -3.67058534e-03  0.00000000e+00]]",0.01070746720517643,-2.908663355300468,0.0,-0.0001693848008020525,-0.0692568866591022,0.0,-2.1607947094398185e-05,-0.0036705853393280592,0.0
33,0.0037979037005508834,155.66937590775274,191.85365458993718,3.463181298423341,"[[ 0.         -0.00446665  0.00501866]
 [ 0.00446665  0.         -0.00101722]
 [-0.00501866  0.00101722  0.        ]]",-0.0044666458967122305,0.005018656700934698,-0.0010172154376170712,"[[-4.63394145e-05  1.11077293e-03  0.00000000e+00]
 [-9.92082259e-05  6.05594425e-05  0.00000000e+00]
 [-8.17155341e-06  2.87317381e-06  0.00000000e+00]]",-4.633941450241472e-05,0.0011107729262489021,0.0,-9.920822593656205e-05,6.055944247968826e-05,0.0,-8.171553410711846e-06,2.873173806367021e-06,0.0
34,0.006318015241046338,93.99454259420538,131.8723273333157,0.7514872138989589,"[[ 0.00000000e+00  3.94246047e-04 -4.42968977e-04]
 [-3.94246047e-04  0.00000000e+00  8.97839619e-05]
 [ 4.42968977e-04 -8.97839619e-05  0.00000000e+00]]",0.00039424604698122523,-0.0004429689774503329,8.978396194424017e-05,"[[-3.30599643e-02 -4.35991885e-01  0.00000000e+00]
 [-3.76455611e-04 -1.05465327e-02  0.00000000e+00]
 [-7.68726304e-06 -5.57791290e-04  0.00000000e+00]]",-0.033059964274481,-0.43599188523194327,0.0,-0.0003764556109563694,-0.010546532717246237,0.0,-7.687263037927656e-06,-0.0005577912899138175,0.0
35,0.0018396728702874444,89.08085928707263,109.31826003607634,4.565009353435591,"[[ 0.         -0.00047378  0.00053233]
 [ 0.00047378  0.         -0.0001079 ]
 [-0.00053233  0.0001079   0.        ]]",-0.0004737802369271204,0.0005323324068681845,-0.0001078967489665747,"[[-1.35282332e-04 -2.86899450e-02  0.00000000e+00]
 [-1.95252156e-03 -7.91161521e-06  0.00000000e+00]
 [-1.61604940e-04 -7.07720490e-06  0.00000000e+00]]",-0.00013528233184737786,-0.028689945015753074,0.0,-0.001952521558781694,-7.911615211075664e-06,0.0,-0.00016160493963595027,-7.077204901493907e-06,0.0
36,0.006315750979146335,103.28126447937328,171.68266146993076,3.9634446131681784,"[[ 0.00000000e+00  4.63159308e-06 -5.20398890e-06]
 [-4.63159308e-06  0.00000000e+00  1.05477983e-06]
 [ 5.20398890e-06 -1.05477983e-06  0.00000000e+00]]",4.631593080745491e-06,-5.203988896410091e-06,1.0547798261694747e-06,"[[5.24841192e-02 7.17404135e-01 0.00000000e+00]
 [2.46497196e-02 8.99610587e-03 0.00000000e+00]
 [2.00234385e-03 5.56605898e-04 0.00000000e+00]]",0.05248411920683827,0.7174041352201787,0.0,0.024649719570337462,0.008996105871874792,0.0,0.0020023438489080937,0.0005566058980604168,0.0
37,-0.0025144890934896053,89.7196103550555,171.38976216463408,2.9374303661515575,"[[ 0.          0.00064873 -0.0007289 ]
 [-0.00064873  0.          0.00014774]
 [ 0.0007289  -0.00014774  0.        ]]",0.0006487297610830552,-0.0007289030825012805,0.00014773902903318347,"[[ 5.57685716e-03 -5.00214034e-03  0.00000000e+00]
 [-1.96359790e-04 -5.00002158e-06  0.00000000e+00]
 [-2.02101347e-05 -1.38941350e-06  0.00000000e+00]]",0.0055768571611018985,-0.005002140343636281,0.0,-0.00019635978966024042,-5.000021576155389e-06,0.0,-2.021013469726333e-05,-1.3894135016155991e-06,0.0
38,-0.005609439655120121,116.12399583850423,157.51084959816157,2.5974773540512763,"[[ 0.00000000e+00  2.41265301e-04 -2.71082093e-04]
 [-2.41265301e-04  0.00000000e+00  5.49447604e-05]
 [ 2.71082093e-04 -5.49447604e-05  0.00000000e+00]]",0.00024126530085507114,-0.0002710820931049368,5.494476040103185e-05,"[[-2.53528790e-02 -1.09213034e-02  0.00000000e+00]
 [-1.44803469e-03  3.20685346e-05  0.00000000e+00]
 [-1.01813387e-04 -1.17726924e-06  0.00000000e+00]]",-0.025352878962688164,-0.010921303388911563,0.0,-0.0014480346852084615,3.206853459208733e-05,0.0,-0.00010181338697633492,-1.1772692414620618e-06,0.0
39,-0.00629978110979502,153.16374584474454,163.68058403716873,2.305288116892157,"[[ 0.         -0.00099484  0.00111779]
 [ 0.00099484  0.         -0.00022656]
 [-0.00111779  0.00022656  0.        ]]",-0.0009948429720880129,0.0011177907234424685,-0.0002265614182574127,"[[-1.92741437e-03  1.20772701e-02  0.00000000e+00]
 [ 7.89690069e-04 -1.91701321e-06  0.00000000e+00]
 [ 6.66831410e-05  2.74894057e-06  0.00000000e+00]]",-0.0019274143687644158,0.012077270148686089,0.0,0.0007896900690787549,-1.9170132139247812e-06,0.0,6.668314103881048e-05,2.7489405728330174e-06,0.0
40,0.00395447282496232,155.3976311084063,179.03788046971772,1.2335729368389357,"[[ 0.00000000e+00 -3.90654602e-04  4.38933683e-04]
 [ 3.90654602e-04  0.00000000e+00 -8.89660611e-05]
 [-4.38933683e-04  8.89660611e-05  0.00000000e+00]]",-0.0003906546018637593,0.000438933683289657,-8.896606110738855e-05,"[[ 3.23996000e-06 -2.31779011e-02  0.00000000e+00]
 [-1.58983356e-03 -1.13626924e-06  0.00000000e+00]
 [-1.31486949e-04 -5.48289315e-06  0.00000000e+00]]",3.239959999628346e-06,-0.023177901091902715,0.0,-0.001589833562567352,-1.1362692422745524e-06,0.0,-0.00013148694898564215,-5.4828931484632395e-06,0.0
41,-0.005982126355013462,100.23449658130778,133.72360986064473,5.330666577086685,"[[ 0.         -0.16880116  0.18966246]
 [ 0.16880116  0.         -0.03844208]
 [-0.18966246  0.03844208  0.        ]]",-0.1688011576391412,0.18966246272953421,-0.03844207653992807,"[[-8.37510145e-02 -9.36060668e-05  0.00000000e+00]
 [-1.99721908e-03 -2.64836357e-06  0.00000000e+00]
 [-1.05847537e-04 -1.36324876e-07  0.00000000e+00]]",-0.08375101446351853,-9.360606678409e-05,0.0,-0.001997219078147501,-2.6483635734165876e-06,0.0,-0.00010584753733794258,-1.363248764850442e-07,0.0
42,-0.0025751610119610566,107.74578752568507,158.74066518056122,4.921782781863158,"[[ 0.00000000e+00 -4.53582041e-05  5.09638015e-05]
 [ 4.53582041e-05  0.00000000e+00 -1.03296895e-05]
 [-5.09638015e-05  1.03296895e-05  0.00000000e+00]]",-4.535820405372277e-05,5.096380146994334e-05,-1.0329689537286504e-05,"[[-5.59117937e-03  1.12511102e-01  0.00000000e+00]
 [ 7.55119155e-03  1.70512861e-05  0.00000000e+00]
 [ 6.28794236e-04  2.71268186e-05  0.00000000e+00]]",-0.005591179373258125,0.11251110225892118,0.0,0.007551191551040968,1.7051286143829232e-05,0.0,0.0006287942360110333,2.7126818579083783e-05,0.0
43,-0.004739259321762716,101.22638428034733,174.6029352876758,1.9936148850967559,"[[ 0.00000000e+00  2.36793870e-04 -2.66058060e-04]
 [-2.36793870e-04  0.00000000e+00  5.39264552e-05]
 [ 2.66058060e-04 -5.39264552e-05  0.00000000e+00]]",0.00023679386967252514,-0.000266058059728221,5.3926455182237556e-05,"[[-5.03185777e-03 -4.44074683e-03  0.00000000e+00]
 [-6.88591471e-04  9.13940081e-05  0.00000000e+00]
 [-5.34052789e-05  2.90363632e-06  0.00000000e+00]]",-0.005031857769455132,-0.004440746825300311,0.0,-0.0006885914708843803,9.139400806154241e-05,0.0,-5.3405278850383974e-05,2.9036363222100005e-06,0.0
44,-0.0016016727664061568,101.95094464627785,182.29732877711155,1.6986480396179926,"[[ 0.          1.19173381 -1.33901433]
 [-1.19173381  0.          0.27140052]
 [ 1.33901433 -0.27140052  0.        ]]",1.1917338087411435,-1.3390143305005533,0.2714005219607813,"[[-1.62931230e-01  5.83712156e-01  0.00000000e+00]
 [-3.88806604e-03  1.39282452e-02  0.00000000e+00]
 [-2.06056126e-04  7.38121768e-04  0.00000000e+00]]",-0.16293123047678648,0.5837121562912932,0.0,-0.0038880660396176706,0.013928245155182659,0.0,-0.00020605612635550904,0.0007381217682698376,0.0
45,-0.004674031629089269,80.21477946661773,113.2477650390117,5.127509106484149,"[[ 0.          0.00098021 -0.00110135]
 [-0.00098021  0.          0.00022323]
 [ 0.00110135 -0.00022323  0.        ]]",0.0009802120251559273,-0.0011013516097182802,0.00022322942699810368,"[[-4.40853478e-02 -4.55501330e-02  0.00000000e+00]
 [-1.27207526e-03 -1.01047732e-03  0.00000000e+00]
 [-7.40418362e-05 -5.43603489e-05  0.00000000e+00]]",-0.044085347829882576,-0.04555013295829584,0.0,-0.0012720752616740356,-0.001010477323435642,0.0,-7.404183620652766e-05,-5.436034894153882e-05,0.0
46,-0.0032228305868319744,92.3861988731912,161.46885964575543,1.837766407345001,"[[ 0.          0.78007331 -0.87647873]
 [-0.78007331  0.          0.17765066]
 [ 0.87647873 -0.17765066  0.        ]]",0.7800733086557786,-0.8764787333124581,0.17765066458967765,"[[ 1.01759833e-05 -5.01211333e-03  0.00000000e+00]
 [-4.97706588e-09 -1.19509791e-04  0.00000000e+00]
 [-7.63638457e-09 -6.33599470e-06  0.00000000e+00]]",1.0175983345119582e-05,-0.005012113327767965,0.0,-4.97706588348443e-09,-0.00011950979090631967,0.0,-7.636384574839336e-09,-6.335994703195149e-06,0.0
47,-0.006156287144659026,98.77485069925525,105.01946476972574,2.237940043546082,"[[ 0.00000000e+00 -5.33939783e-05  5.99926776e-05]
 [ 5.33939783e-05  0.00000000e+00 -1.21597235e-05]
 [-5.99926776e-05  1.21597235e-05  0.00000000e+00]]",-5.339397831613769e-05,5.999267756216998e-05,-1.2159723487134895e-05,"[[ 6.01517731e-03  2.50879033e-01  0.00000000e+00]
 [ 1.74043654e-02 -5.54374450e-06  0.00000000e+00]
 [ 1.43690829e-03  5.86502747e-05  0.00000000e+00]]",0.006015177311050123,0.25087903337376605,0.0,0.01740436543636098,-5.543744503216103e-06,0.0,0.001436908294118932,5.86502746579131e-05,0.0
48,-0.004092674001548424,102.85177683170892,160.29727919144995,1.9221520684976243,"[[ 0.         -0.13152068  0.14777467]
 [ 0.13152068  0.         -0.02995197]
 [-0.14777467  0.02995197  0.        ]]",-0.1315206775466707,0.14777467140767073,-0.029951974403165812,"[[ 6.11016715e-03 -2.91489797e-03  0.00000000e+00]
 [ 1.47252900e-04 -7.00588371e-05  0.00000000e+00]
 [ 7.84789821e-06 -3.70823207e-06  0.00000000e+00]]",0.006110167151147339,-0.002914897967157236,0.0,0.00014725290006495508,-7.005883714375487e-05,0.0,7.847898214062042e-06,-3.708232073875e-06,0.0
49,0.001307438564660881,135.63452004106617,143.08207347183446,3.2455717021862625,"[[ 0.         -0.18371458  0.20641896]
 [ 0.18371458  0.         -0.0418384 ]
 [-0.20641896  0.0418384   0.        ]]",-0.183714581788129,0.206418963640943,-0.0418383979907169,"[[-1.25568386e-05 -1.27164993e-02  0.00000000e+00]
 [-2.73891058e-05 -2.94028344e-04  0.00000000e+00]
 [-2.25702160e-06 -1.56727689e-05  0.00000000e+00]]",-1.2556838631756612e-05,-0.012716499334580987,0.0,-2.7389105763073722e-05,-0.0002940283443819706,0.0,-2.2570215973316435e-06,-1.567276894275004e-05,0.0
50,-0.006110635797114597,136.03293673993844,195.36651665259257,5.365020950813844,"[[ 0.         -0.93406765  1.04950447]
 [ 0.93406765  0.         -0.2127207 ]
 [-1.04950447  0.2127207   0.        ]]",-0.9340676455047439,1.0495044730743506,-0.2127206970862481,"[[-1.27559605e-02 -2.45116273e-01  0.00000000e+00]
 [-3.04204803e-04 -5.84883882e-03  0.00000000e+00]
 [-1.61099881e-05 -3.09836744e-04  0.00000000e+00]]",-0.012755960524004094,-0.24511627340134862,0.0,-0.00030420480280411076,-0.005848838817775447,0.0,-1.610998814960841e-05,-0.00030983674375002247,0.0
51,-0.0028165860516294744,84.21021849919103,180.45481070788654,6.0527224298084485,"[[ 0.00000000e+00 -5.31224700e-06  5.96876148e-06]
 [ 5.31224700e-06  0.00000000e+00 -1.20978913e-06]
 [-5.96876148e-06  1.20978913e-06  0.00000000e+00]]",-5.312246995349302e-06,5.968761481597166e-06,-1.2097891297095477e-06,"[[-7.79686022e-06  4.43927305e-01  0.00000000e+00]
 [ 3.04999131e-02  4.98947322e-06  0.00000000e+00]
 [ 2.52432774e-03  1.04368422e-04  0.00000000e+00]]",-7.796860220217762e-06,0.44392730519445583,0.0,0.030499913091006216,4.989473215706562e-06,0.0,0.002524327743945474,0.00010436842165705765,0.0
52,0.00612385098988701,97.54736202692915,155.04258166130012,3.7982607035801585,"[[ 0.00000000e+00 -8.37930911e-06  9.41486672e-06]
 [ 8.37930911e-06  0.00000000e+00 -1.90826915e-06]
 [-9.41486672e-06  1.90826915e-06  0.00000000e+00]]",-8.379309105153051e-06,9.414866717044529e-06,-1.9082691521620102e-06,"[[-1.36729102e-05 -2.13243651e-01  0.00000000e+00]
 [-1.46287589e-02 -1.02075994e-05  0.00000000e+00]
 [-1.21066000e-03 -5.04681002e-05  0.00000000e+00]]",-1.36729101801996e-05,-0.21324365113163815,0.0,-0.014628758947864029,-1.0207599427156126e-05,0.0,-0.0012106599989809678,-5.046810018551666e-05,0.0
53,-0.005657675760404858,127.28260638961983,150.0134988450073,5.264844625872714,"[[ 0.         -0.17609873  0.1978619 ]
 [ 0.17609873  0.         -0.040104  ]
 [-0.1978619   0.040104    0.        ]]",-0.17609872841269994,0.19786190439340634,-0.040103995084541405,"[[-1.13499629e-04  8.78504262e-03  0.00000000e+00]
 [-5.83647653e-07  2.08884975e-04  0.00000000e+00]
 [ 3.22633376e-08  1.10761480e-05  0.00000000e+00]]",-0.00011349962894570603,0.00878504261839538,0.0,-5.836476531220905e-07,0.00020888497480084297,0.0,3.2263337624376355e-08,1.1076148020284208e-05,0.0
54,0.0053234582503182614,118.5856194944738,143.85066867316226,3.6408308792235142,"[[ 0.          0.03431335 -0.03855397]
 [-0.03431335  0.          0.00781438]
 [ 0.03855397 -0.00781438  0.        ]]",0.034313354321817695,-0.03855397306634348,0.007814381202295282,"[[-5.37683893e-05 -1.60184184e-03  0.00000000e+00]
 [ 8.57572044e-06 -4.16443789e-05  0.00000000e+00]
 [ 7.47753326e-07 -2.17340402e-06  0.00000000e+00]]",-5.376838934019783e-05,-0.0016018418363059749,0.0,8.57572043825651e-06,-4.16443789443185e-05,0.0,7.477533260965357e-07,-2.1734040181255474e-06,0.0
55,-0.0002979041411877692,97.74623070739746,117.89258702864858,1.5943265793906252,"[[ 0.         -0.02076923  0.02333599]
 [ 0.02076923  0.         -0.0047299 ]
 [-0.02333599  0.0047299   0.        ]]",-0.020769225056041698,0.02333599146004564,-0.004729897297186623,"[[ 1.03819395e+00  3.85997771e-03  0.00000000e+00]
 [ 2.50727453e-02 -1.20284805e-05  0.00000000e+00]
 [ 1.33847383e-03  3.86370639e-07  0.00000000e+00]]",1.0381939465323577,0.0038599777137966027,0.0,0.025072745264542694,-1.2028480450345458e-05,0.0,0.0013384738278759806,3.863706393387804e-07,0.0
56,0.003690325475870521,146.95360479857442,169.8356245922432,3.4526486943427472,"[[ 0.         -0.74414969  0.83611549]
 [ 0.74414969  0.         -0.16946957]
 [-0.83611549  0.16946957  0.        ]]",-0.7441496878378757,0.8361154888313339,-0.1694695679645858,"[[-2.41421372e-01 -1.46628309e-04  0.00000000e+00]
 [-5.76149209e-03 -3.19491683e-06  0.00000000e+00]
 [-3.05248638e-04 -1.72240272e-07  0.00000000e+00]]",-0.24142137160694957,-0.00014662830907731178,0.0,-0.005761492088928338,-3.194916832375342e-06,0.0,-0.00030524863800524585,-1.7224027231963775e-07,0.0
57,-0.002578765967196163,129.16107616724008,195.6183277940002,2.931887248816702,"[[ 0.00000000e+00 -2.09015135e-04  2.34846288e-04]
 [ 2.09015135e-04  0.00000000e+00 -4.76002412e-05]
 [-2.34846288e-04  4.76002412e-05  0.00000000e+00]]",-0.00020901513505301286,0.0002348462878829715,-4.7600241207399125e-05,"[[4.01809681e-03 2.88911549e-02 0.00000000e+00]
 [1.65041490e-03 1.49741259e-04 0.00000000e+00]
 [1.33657638e-04 1.32353900e-05 0.00000000e+00]]",0.004018096810712843,0.028891154914889788,0.0,0.0016504149018409082,0.0001497412589816195,0.0,0.00013365763777741088,1.3235390028045359e-05,0.0
58,-0.006226931361231345,144.7844678442596,178.69632964859966,5.58924479679073,"[[ 0.         -0.00130199  0.00146289]
 [ 0.00130199  0.         -0.00029651]
 [-0.00146289  0.00029651  0.        ]]",-0.0013019878646005848,0.0014628941430130027,-0.0002965093240179738,"[[ 9.21955872e-01 -5.21651169e-02  0.00000000e+00]
 [ 2.22028821e-02 -1.31549301e-03  0.00000000e+00]
 [ 1.18225510e-03 -6.89926400e-05  0.00000000e+00]]",0.9219558724691571,-0.05216511692700272,0.0,0.022202882078641895,-0.0013154930130455595,0.0,0.0011822551021635028,-6.899264000696738e-05,0.0
59,-0.001181294487475952,118.26149736053273,174.88298200265444,4.806209849216405,"[[ 0.          0.00049834 -0.00055993]
 [-0.00049834  0.          0.00011349]
 [ 0.00055993 -0.00011349  0.        ]]",0.0004983435315973522,-0.0005599313583508913,0.00011349069196431457,"[[-1.43325127e-05 -1.47628120e-02  0.00000000e+00]
 [-1.51057155e-03  1.71997186e-04  0.00000000e+00]
 [-1.24955525e-04  3.96115962e-06  0.00000000e+00]]",-1.4332512737597219e-05,-0.014762811980996372,0.0,-0.0015105715463473504,0.00017199718554521094,0.0,-0.0001249555249675834,3.961159615270272e-06,0.0
60,-0.003003172673891918,167.45893308724135,193.65740357159962,4.959440418761678,"[[ 0.          0.26159159 -0.29392041]
 [-0.26159159  0.          0.05957379]
 [ 0.29392041 -0.05957379  0.        ]]",0.2615915947687612,-0.29392041374060573,0.05957378639428701,"[[-7.00739388e-01 -3.15729389e-02  0.00000000e+00]
 [-1.67235450e-02 -7.52311589e-04  0.00000000e+00]
 [-8.85859459e-04 -3.98568563e-05  0.00000000e+00]]",-0.7007393879435415,-0.03157293892014558,0.0,-0.016723545048148655,-0.0007523115892857466,0.0,-0.0008858594588187892,-3.985685630707712e-05,0.0
61,-0.0024317449456334617,100.58390843294366,126.55258365709655,4.909454377650804,"[[ 0.         -0.00356831  0.0040093 ]
 [ 0.00356831  0.         -0.00081263]
 [-0.0040093   0.00081263  0.        ]]",-0.0035683115449680193,0.004009301623698905,-0.0008126324928601212,"[[1.66655077e+00 3.97645565e-03 0.00000000e+00]
 [3.99407365e-02 3.42972284e-05 0.00000000e+00]
 [2.12281657e-03 2.41421952e-06 0.00000000e+00]]",1.6665507733383673,0.003976455650450716,0.0,0.03994073648993521,3.429722839448161e-05,0.0,0.002122816565546648,2.4142195194159024e-06,0.0
62,-0.005189780687667645,163.11954377377438,196.99283606141347,2.051097883644126,"[[ 0.         -0.01068614  0.01200679]
 [ 0.01068614  0.         -0.00243362]
 [-0.01200679  0.00243362  0.        ]]",-0.01068614249875066,0.012006790307235598,-0.0024336178353216247,"[[ 1.44639008e-03 -4.10897512e-03  0.00000000e+00]
 [ 6.77512964e-05 -1.09583553e-04  0.00000000e+00]
 [ 4.57664543e-06 -5.69082575e-06  0.00000000e+00]]",0.0014463900762400476,-0.004108975117656811,0.0,6.775129637952759e-05,-0.00010958355304369053,0.0,4.5766454325426915e-06,-5.690825752973963e-06,0.0
63,0.00051137604501935,187.50823080189855,189.66003085839466,4.671968333711539,"[[ 0.         -1.2448667   1.39871366]
 [ 1.2448667   0.         -0.28350079]
 [-1.39871366  0.28350079  0.        ]]",-1.244866702831894,1.3987136577216512,-0.28350078720772354,"[[-4.07971452e-01 -6.46831102e-04  0.00000000e+00]
 [-9.78257728e-03  1.18788478e-06  0.00000000e+00]
 [-5.19528027e-04 -1.00373252e-07  0.00000000e+00]]",-0.4079714523093317,-0.0006468311021082863,0.0,-0.00978257727877988,1.1878847843350271e-06,0.0,-0.0005195280266642164,-1.0037325247548858e-07,0.0
64,0.0029372332868478675,82.35383598589553,94.85389438845503,3.38274900204272,"[[ 0.00000000e+00  3.08094063e-04 -3.46169894e-04]
 [-3.08094063e-04  0.00000000e+00  7.01640660e-05]
 [ 3.46169894e-04 -7.01640660e-05  0.00000000e+00]]",0.00030809406348730837,-0.0003461698939190383,7.016406602729519e-05,"[[ 1.11702532e-03  3.61747683e-02  0.00000000e+00]
 [ 2.74654325e-03 -8.09892619e-05  0.00000000e+00]
 [ 2.26771521e-04  4.99575003e-06  0.00000000e+00]]",0.0011170253232322322,0.03617476829931783,0.0,0.002746543247484774,-8.098926188628162e-05,0.0,0.0002267715213302769,4.995750033096067e-06,0.0
65,0.0004993344495843616,112.61126975180278,169.41520434812486,0.03946683827343841,"[[ 0.         -0.03852883  0.04329041]
 [ 0.03852883  0.         -0.0087744 ]
 [-0.04329041  0.0087744   0.        ]]",-0.03852882545545201,0.04329041355023834,-0.008774395139625364,"[[-2.09846750e-03 -1.96209208e-02  0.00000000e+00]
 [-9.43386963e-05 -4.52814116e-04  0.00000000e+00]
 [-6.31579081e-06 -2.41463913e-05  0.00000000e+00]]",-0.00209846749695846,-0.01962092082278226,0.0,-9.433869633696662e-05,-0.0004528141155947479,0.0,-6.315790812108431e-06,-2.414639128921633e-05,0.0
66,0.0008111883635206228,85.7207134978181,190.38700452751743,4.648163644968098,"[[ 0.          0.00063725 -0.00071601]
 [-0.00063725  0.          0.00014513]
 [ 0.00071601 -0.00014513  0.        ]]",0.0006372520715369599,-0.0007160069217390944,0.00014512514755154237,"[[-9.55803863e-04  1.17785228e-02  0.00000000e+00]
 [ 8.20400435e-04 -1.16571994e-05  0.00000000e+00]
 [ 6.85728607e-05  2.25990322e-06  0.00000000e+00]]",-0.0009558038633708266,0.011778522830785117,0.0,0.0008204004353774145,-1.1657199363255173e-05,0.0,6.85728606637251e-05,2.2599032215431047e-06,0.0
67,-0.0004529440639412047,85.0537045613308,187.2316238555025,6.247391713139594,"[[ 0.00000000e+00 -6.10298640e-06  6.85722448e-06]
 [ 6.10298640e-06  0.00000000e+00 -1.38986885e-06]
 [-6.85722448e-06  1.38986885e-06  0.00000000e+00]]",-6.102986395894273e-06,6.857224476651054e-06,-1.3898688458917673e-06,"[[-1.15633666e-01  2.31963914e+00  0.00000000e+00]
 [ 1.56700868e-01 -4.79381000e-06  0.00000000e+00]
 [ 1.30506727e-02  5.43988572e-04  0.00000000e+00]]",-0.11563366561799251,2.3196391370140867,0.0,0.15670086839059078,-4.793810000988038e-06,0.0,0.013050672701505714,0.0005439885717310134,0.0
68,0.005925798407983614,125.36534300086142,135.06412927190362,0.6052105524016409,"[[ 0.          0.01265896 -0.01422342]
 [-0.01265896  0.          0.0028829 ]
 [ 0.01422342 -0.0028829   0.        ]]",0.012658961462920544,-0.014223420266989069,0.0028828994556655296,"[[-1.34022931e+00  7.69125417e-04  0.00000000e+00]
 [-3.19174144e-02 -3.24738520e-06  0.00000000e+00]
 [-1.68969649e-03  4.02230059e-08  0.00000000e+00]]",-1.34022930726926,0.0007691254169230657,0.0,-0.03191741441332523,-3.2473851978823157e-06,0.0,-0.0016896964922864727,4.022300588261125e-08,0.0
69,0.0009088417096293049,141.5621706308346,177.30413483920626,4.640381059153856,"[[ 0.00000000e+00 -3.50916324e-04  3.94284348e-04]
